(0.11764705882352941, 0.11764705882352941, 0.11764705882352941)
(0.17647058823529413, 0.17647058823529413, 0.17647058823529413)
(0.14705882352941177, 0.14705882352941177, 0.14705882352941177)
(0.11764705882352941, 0.11764705882352941, 0.11764705882352941)
(0.17647058823529413, 0.17647058823529413, 0.17647058823529413)
(0.14705882352941177, 0.14705882352941177, 0.14705882352941177)
(0.11764705882352941, 0.11764705882352941, 0.11764705882352941)
(0.08823529411764706, 0.08823529411764706, 0.08823529411764706)
(0.11764705882352941, 0.11764705882352941, 0.11764705882352941)
(0.17647058823529413, 0.17647058823529413, 0.17647058823529413)
(0.14705882352941177, 0.14705882352941177, 0.14705882352941177)
(0.17647058823529413, 0.17647058823529413, 0.17647058823529413)
(0.14705882352941177, 0.14705882352941177, 0.14705882352941177)
(0.11764705882352941, 0.11764705882352941, 0.11764705882352941)
(0.20588235294117646, 0.20588235294117646, 0.20588235294117646)
(0.17647058823529413, 0.17647058823529413, 0.17647058823529413)
(0.17647058823529413, 0.17647058823529413, 0.17647058823529413)
(0.14705882352941177, 0.14705882352941177, 0.14705882352941177)
(0.11764705882352941, 0.11764705882352941, 0.11764705882352941)
(0.11764705882352941, 0.11764705882352941, 0.11764705882352941)


total number of valid numbers:	 20
average missing branch rate:	 0.145588235294118
standard error: 0.00673105440667401