(0.029411764705882353, 0.029411764705882353, 0.029411764705882353)
(0.0, 0.0, 0.0)
(0.0, 0.0, 0.0)
(0.0, 0.0, 0.0)
(0.0, 0.0, 0.0)
(0.0, 0.0, 0.0)
(0.029411764705882353, 0.029411764705882353, 0.029411764705882353)
(0.0, 0.0, 0.0)
(0.0, 0.0, 0.0)
(0.029411764705882353, 0.029411764705882353, 0.029411764705882353)
(0.0, 0.0, 0.0)
(0.029411764705882353, 0.029411764705882353, 0.029411764705882353)
(0.058823529411764705, 0.058823529411764705, 0.058823529411764705)
(0.029411764705882353, 0.029411764705882353, 0.029411764705882353)
(0.0, 0.0, 0.0)
(0.029411764705882353, 0.029411764705882353, 0.029411764705882353)
(0.0, 0.0, 0.0)
(0.0, 0.0, 0.0)
(0.0, 0.0, 0.0)
(0.029411764705882353, 0.029411764705882353, 0.029411764705882353)


total number of valid numbers:	 20
average missing branch rate:	 0.0132352941176471
standard error: 0.00387689009601884