(0.11764705882352941, 0.11764705882352941, 0.11764705882352941)
(0.08823529411764706, 0.08823529411764706, 0.08823529411764706)
(0.11764705882352941, 0.11764705882352941, 0.11764705882352941)
(0.11764705882352941, 0.11764705882352941, 0.11764705882352941)
(0.11764705882352941, 0.11764705882352941, 0.11764705882352941)
(0.14705882352941177, 0.14705882352941177, 0.14705882352941177)
(0.11764705882352941, 0.11764705882352941, 0.11764705882352941)
(0.11764705882352941, 0.11764705882352941, 0.11764705882352941)
(0.11764705882352941, 0.11764705882352941, 0.11764705882352941)
(0.11764705882352941, 0.11764705882352941, 0.11764705882352941)
(0.11764705882352941, 0.11764705882352941, 0.11764705882352941)
(0.08823529411764706, 0.08823529411764706, 0.08823529411764706)
(0.14705882352941177, 0.14705882352941177, 0.14705882352941177)
(0.11764705882352941, 0.11764705882352941, 0.11764705882352941)
(0.14705882352941177, 0.14705882352941177, 0.14705882352941177)
(0.14705882352941177, 0.14705882352941177, 0.14705882352941177)
(0.17647058823529413, 0.17647058823529413, 0.17647058823529413)
(0.14705882352941177, 0.14705882352941177, 0.14705882352941177)
(0.11764705882352941, 0.11764705882352941, 0.11764705882352941)
(0.11764705882352941, 0.11764705882352941, 0.11764705882352941)


total number of valid numbers:	 20
average missing branch rate:	 0.125
standard error: 0.00459191029294