(0.14705882352941177, 0.14705882352941177, 0.14705882352941177)
(0.20588235294117646, 0.20588235294117646, 0.20588235294117646)
(0.20588235294117646, 0.20588235294117646, 0.20588235294117646)
(0.17647058823529413, 0.17647058823529413, 0.17647058823529413)
(0.23529411764705882, 0.23529411764705882, 0.23529411764705882)
(0.20588235294117646, 0.20588235294117646, 0.20588235294117646)
(0.23529411764705882, 0.23529411764705882, 0.23529411764705882)
(0.23529411764705882, 0.23529411764705882, 0.23529411764705882)
(0.23529411764705882, 0.23529411764705882, 0.23529411764705882)
(0.23529411764705882, 0.23529411764705882, 0.23529411764705882)
(0.20588235294117646, 0.20588235294117646, 0.20588235294117646)
(0.17647058823529413, 0.17647058823529413, 0.17647058823529413)
(0.17647058823529413, 0.17647058823529413, 0.17647058823529413)
(0.23529411764705882, 0.23529411764705882, 0.23529411764705882)
(0.17647058823529413, 0.17647058823529413, 0.17647058823529413)
(0.23529411764705882, 0.23529411764705882, 0.23529411764705882)
(0.17647058823529413, 0.17647058823529413, 0.17647058823529413)
(0.20588235294117646, 0.20588235294117646, 0.20588235294117646)
(0.20588235294117646, 0.20588235294117646, 0.20588235294117646)
(0.20588235294117646, 0.20588235294117646, 0.20588235294117646)


total number of valid numbers:	 20
average missing branch rate:	 0.205882352941176
standard error: 0.00588235294117647