(0.20588235294117646, 0.20588235294117646, 0.20588235294117646)
(0.23529411764705882, 0.23529411764705882, 0.23529411764705882)
(0.20588235294117646, 0.20588235294117646, 0.20588235294117646)
(0.17647058823529413, 0.17647058823529413, 0.17647058823529413)
(0.23529411764705882, 0.23529411764705882, 0.23529411764705882)
(0.17647058823529413, 0.17647058823529413, 0.17647058823529413)
(0.23529411764705882, 0.23529411764705882, 0.23529411764705882)
(0.20588235294117646, 0.20588235294117646, 0.20588235294117646)
(0.20588235294117646, 0.20588235294117646, 0.20588235294117646)
(0.20588235294117646, 0.20588235294117646, 0.20588235294117646)
(0.20588235294117646, 0.20588235294117646, 0.20588235294117646)
(0.23529411764705882, 0.23529411764705882, 0.23529411764705882)
(0.20588235294117646, 0.20588235294117646, 0.20588235294117646)
(0.20588235294117646, 0.20588235294117646, 0.20588235294117646)
(0.20588235294117646, 0.20588235294117646, 0.20588235294117646)
(0.23529411764705882, 0.23529411764705882, 0.23529411764705882)
(0.23529411764705882, 0.23529411764705882, 0.23529411764705882)
(0.20588235294117646, 0.20588235294117646, 0.20588235294117646)
(0.2647058823529412, 0.2647058823529412, 0.2647058823529412)
(0.20588235294117646, 0.20588235294117646, 0.20588235294117646)


total number of valid numbers:	 20
average missing branch rate:	 0.214705882352941
standard error: 0.00469668218313862