(0.058823529411764705, 0.058823529411764705, 0.058823529411764705)
(0.11764705882352941, 0.11764705882352941, 0.11764705882352941)
(0.058823529411764705, 0.058823529411764705, 0.058823529411764705)
(0.058823529411764705, 0.058823529411764705, 0.058823529411764705)
(0.058823529411764705, 0.058823529411764705, 0.058823529411764705)
(0.058823529411764705, 0.058823529411764705, 0.058823529411764705)
(0.11764705882352941, 0.11764705882352941, 0.11764705882352941)
(0.11764705882352941, 0.11764705882352941, 0.11764705882352941)
(0.058823529411764705, 0.058823529411764705, 0.058823529411764705)
(0.058823529411764705, 0.058823529411764705, 0.058823529411764705)


total number of valid numbers:	 10
average missing branch rate:	 0.0764705882352941
standard error: 0.00852433926246437