(0.0, 0.0, 0.0)
(0.0, 0.0, 0.0)
(0.0, 0.0, 0.0)
(0.029411764705882353, 0.029411764705882353, 0.029411764705882353)
(0.0, 0.0, 0.0)
(0.029411764705882353, 0.029411764705882353, 0.029411764705882353)
(0.0, 0.0, 0.0)
(0.0, 0.0, 0.0)
(0.0, 0.0, 0.0)
(0.029411764705882353, 0.029411764705882353, 0.029411764705882353)
(0.0, 0.0, 0.0)
(0.0, 0.0, 0.0)
(0.0, 0.0, 0.0)
(0.0, 0.0, 0.0)
(0.0, 0.0, 0.0)
(0.029411764705882353, 0.029411764705882353, 0.029411764705882353)
(0.0, 0.0, 0.0)
(0.0, 0.0, 0.0)
(0.0, 0.0, 0.0)
(0.029411764705882353, 0.029411764705882353, 0.029411764705882353)


total number of valid numbers:	 20
average missing branch rate:	 0.00735294117647059
standard error: 0.00284778187221134