(0.058823529411764705, 0.058823529411764705, 0.058823529411764705)
(0.029411764705882353, 0.029411764705882353, 0.029411764705882353)
(0.058823529411764705, 0.058823529411764705, 0.058823529411764705)
(0.029411764705882353, 0.029411764705882353, 0.029411764705882353)
(0.08823529411764706, 0.08823529411764706, 0.08823529411764706)
(0.029411764705882353, 0.029411764705882353, 0.029411764705882353)
(0.08823529411764706, 0.08823529411764706, 0.08823529411764706)
(0.029411764705882353, 0.029411764705882353, 0.029411764705882353)
(0.029411764705882353, 0.029411764705882353, 0.029411764705882353)
(0.029411764705882353, 0.029411764705882353, 0.029411764705882353)
(0.058823529411764705, 0.058823529411764705, 0.058823529411764705)
(0.029411764705882353, 0.029411764705882353, 0.029411764705882353)
(0.029411764705882353, 0.029411764705882353, 0.029411764705882353)
(0.029411764705882353, 0.029411764705882353, 0.029411764705882353)
(0.058823529411764705, 0.058823529411764705, 0.058823529411764705)
(0.058823529411764705, 0.058823529411764705, 0.058823529411764705)
(0.058823529411764705, 0.058823529411764705, 0.058823529411764705)
(0.08823529411764706, 0.08823529411764706, 0.08823529411764706)
(0.08823529411764706, 0.08823529411764706, 0.08823529411764706)


total number of valid numbers:	 19
average missing branch rate:	 0.0510835913312694
standard error: 0.00529135827965766