(((11,(10,(7,((5,6),(9,8))))),(4,2)),3,1);
((4,2),(3,(11,(10,(9,((8,7),(5,6)))))),1);
(3,((4,((10,(9,(8,(7,(5,6))))),11)),2),1);
(3,(2,(4,(11,(10,(6,((5,7),(8,9))))))),1);
((3,((11,(10,(6,(7,(9,(5,8)))))),4)),2,1);
(2,((4,3),((((10,7),(9,(6,5))),8),11)),1);
((11,((5,6),(10,(9,(7,8))))),(2,(4,3)),1);
((3,(4,(10,(11,(9,(6,(5,(8,7)))))))),2,1);
(((((6,5),8),(9,7)),(11,10)),((2,4),3),1);
(2,((4,(11,(7,((10,9),((5,6),8))))),3),1);
(4,(2,((11,(10,((5,6),((7,8),9)))),3)),1);
((3,(4,(11,(10,(7,(6,((5,8),9))))))),2,1);
(3,(2,(4,(11,(10,(7,(8,(9,(5,6)))))))),1);
(2,(4,((11,(((5,6),(10,9)),(7,8))),3)),1);
((3,((11,(10,(((6,5),8),(7,9)))),4)),2,1);
((4,(11,(10,(7,(9,((5,6),8)))))),(3,2),1);
(((4,(11,(10,(9,((8,7),(5,6)))))),2),3,1);
((11,(10,(6,((5,8),(7,9))))),((4,3),2),1);
((10,(((8,7),(11,6)),(9,5))),((4,2),3),1);
((10,(9,((8,7),(5,6)))),((4,11),(2,3)),1);
((3,(4,(10,((9,((8,7),(5,6))),11)))),2,1);
((11,(4,(10,(9,((6,5),(7,8)))))),(2,3),1);
((4,((11,(10,(7,((5,6),(8,9))))),3)),2,1);
((3,(4,(11,(10,(((5,6),(8,7)),9))))),2,1);
(((11,(10,((8,7),((9,6),5)))),4),(2,3),1);
(2,(3,(4,(11,((9,((7,8),(5,6))),10)))),1);
((((11,((((7,8),(6,5)),9),10)),3),4),2,1);
((3,2),(4,(((10,9),(((5,6),8),7)),11)),1);
((3,(2,(((((7,8),(6,5)),9),10),11))),4,1);
(3,(2,(4,(11,(10,(9,((5,6),(8,7))))))),1);
((3,(4,((10,(5,((8,7),(9,6)))),11))),2,1);
((3,(4,(10,(((8,7),(9,(5,6))),11)))),2,1);
(((8,((((7,11),(4,(6,5))),9),10)),3),2,1);
(((2,(3,(4,10))),(9,(((5,6),8),7))),11,1);
((2,(4,(((10,5),((6,11),(7,9))),8))),3,1);
(2,(3,(4,(11,(10,(((7,8),(6,5)),9))))),1);
((((10,(9,(8,(7,(6,5))))),(4,11)),2),3,1);
(2,(3,(4,(11,(10,(6,(((7,5),8),9)))))),1);
(2,(4,((11,(10,((5,6),((7,8),9)))),3)),1);
(4,((11,((((5,6),(7,8)),9),10)),(3,2)),1);
(((11,(((9,((7,8),6)),5),10)),3),(2,4),1);
(3,(2,(4,(11,(8,(5,((6,9),(10,7))))))),1);
(3,(((((10,9),((6,(8,7)),5)),11),4),2),1);
(((11,((((7,8),(6,5)),9),10)),3),(2,4),1);
((4,(11,(10,(9,((6,5),(7,8)))))),(2,3),1);
(2,(((11,(10,(9,(6,(5,(7,8)))))),4),3),1);
((2,(11,((10,(9,(8,(7,(6,5))))),4))),3,1);
(2,(3,((11,(10,(9,(5,((8,7),6))))),4)),1);
(2,((4,(11,(((7,8),(9,(5,6))),10))),3),1);
(2,(((11,(10,(9,(8,((7,6),5))))),4),3),1);
