((((11,(10,((8,(6,5)),(9,7)))),4),3),2,1);
(2,((4,(11,(10,(9,((8,5),(7,6)))))),3),1);
((2,3),((10,(9,((6,5),(11,(7,8))))),4),1);
((3,((11,(10,(6,(9,(5,(7,8)))))),4)),2,1);
(3,(2,(4,(((9,((5,6),(7,8))),10),11))),1);
((3,(4,(11,((6,5),(9,((8,7),10)))))),2,1);
(2,((4,(11,(10,(5,(6,((7,8),9)))))),3),1);
((3,(4,(11,(10,((((6,8),7),9),5))))),2,1);
(3,(2,((4,11),(10,(6,(((8,9),5),7))))),1);
(2,((4,(11,(10,((5,6),(9,(7,8)))))),3),1);
(2,(3,(4,(11,(10,(7,(8,(9,(5,6)))))))),1);
((11,(10,(((7,5),8),(9,6)))),((4,3),2),1);
((3,((11,((6,5),(((10,8),9),7))),4)),2,1);
((3,((10,(9,(11,(5,((7,8),6))))),4)),2,1);
(3,(2,(4,(11,(10,(7,(8,(9,(5,6)))))))),1);
((3,(4,(11,(5,(7,((6,9),(8,10))))))),2,1);
((2,(3,(11,(10,(6,((8,7),(5,9))))))),4,1);
(2,((4,(10,((5,9),((11,7),(8,6))))),3),1);
(3,((4,(11,(10,((5,6),((8,7),9))))),2),1);
(2,((4,(11,((7,((5,6),8)),(10,9)))),3),1);
((((10,(4,11)),3),2),(9,((5,6),(7,8))),1);
((4,(2,3)),(11,(10,(((8,7),(5,9)),6))),1);
((((10,9),(((5,6),(7,8)),11)),3),(4,2),1);
(2,(4,((((10,9),(((5,6),8),7)),11),3)),1);
(2,((11,(10,((9,(5,(6,7))),8))),(4,3)),1);
(2,((4,(11,(10,((5,6),((7,8),9))))),3),1);
(2,((4,(11,((6,((5,8),(9,7))),10))),3),1);
((2,(4,(11,(((9,(7,8)),(5,6)),10)))),3,1);
((4,(11,(6,((5,10),(9,(7,8)))))),(3,2),1);
(2,(4,((11,(10,((((5,7),6),9),8))),3)),1);
((2,((11,(10,((6,5),(9,(7,8))))),4)),3,1);
(2,(3,(4,(11,((9,((5,6),(8,7))),10)))),1);
(((((10,11),(((7,8),(6,5)),9)),4),3),2,1);
(3,(2,(11,(10,(4,((9,(5,6)),(8,7)))))),1);
(((((((6,10),(11,8)),5),7),9),(3,4)),2,1);
((2,((11,(10,(9,(6,(5,(7,8)))))),4)),3,1);
((2,3),((10,(9,((5,6),(8,7)))),(4,11)),1);
(2,((4,(11,((9,((7,8),(5,6))),10))),3),1);
((10,(9,(6,(7,(5,8))))),(((2,3),11),4),1);
((((10,(9,((8,7),(5,6)))),(4,11)),3),2,1);
((2,(4,(11,(10,(9,((5,6),(7,8))))))),3,1);
((4,(11,(10,(9,((6,5),(7,8)))))),(2,3),1);
((((10,((6,5),(9,(7,8)))),(11,3)),4),2,1);
(((11,(10,(9,(6,(5,(7,8)))))),4),(3,2),1);
(3,((4,(6,(((8,(10,9)),7),5))),(2,11)),1);
(2,(3,(4,(11,(10,(9,(8,((6,5),7))))))),1);
(((4,3),2),((10,(9,(((7,8),6),5))),11),1);
(2,((4,((10,(6,((9,7),(5,8)))),11)),3),1);
((2,(4,(11,((9,(7,((6,5),8))),10)))),3,1);
(2,((4,(11,((5,6),((7,8),(10,9))))),3),1);
