(((11,(10,((5,6),((7,8),9)))),3),(4,2),1);
((4,(11,(10,(((5,6),(8,7)),9)))),(2,3),1);
(((11,(10,(((9,(8,5)),6),7))),(4,3)),2,1);
(3,(2,(4,(11,(10,((7,8),(9,(5,6))))))),1);
((4,(11,(10,(9,((5,6),(7,8)))))),(3,2),1);
((4,((3,(((5,6),11),(9,10))),(8,7))),2,1);
(3,(2,(4,((((8,9),7),(10,(5,6))),11))),1);
((4,(11,(10,((6,5),(9,(7,8)))))),(2,3),1);
(3,(2,(4,(11,(10,(9,(5,(6,(8,7)))))))),1);
((2,(11,(4,(10,(9,((5,6),(7,8))))))),3,1);
((3,(4,((10,((5,(9,6)),(8,7))),11))),2,1);
((2,(4,(11,((9,(7,((6,5),8))),10)))),3,1);
((3,(4,(11,(10,(9,(8,(7,(6,5)))))))),2,1);
((3,(4,(11,((6,5),((7,9),(8,10)))))),2,1);
((2,(4,(11,((9,((6,5),(7,8))),10)))),3,1);
