((3,((((10,9),((6,5),(8,7))),11),4)),2,1);
((11,((((6,10),5),9),(7,8))),((4,2),3),1);
(3,((((((10,9),((7,6),5)),8),11),4),2),1);
(3,(2,(4,(11,(((5,(6,(7,8))),10),9)))),1);
(3,(2,(4,(11,((9,(((7,8),5),6)),10)))),1);
((((10,(((9,6),5),(11,(8,7)))),4),2),3,1);
((3,2),(4,((10,((8,7),(9,(5,6)))),11)),1);
((4,(11,(10,(7,((6,5),(9,8)))))),(2,3),1);
(2,((4,(11,((7,(((6,9),5),8)),10))),3),1);
(2,((4,((10,(9,(((5,6),7),8))),11)),3),1);
((2,(4,(11,(9,(((6,5),(7,8)),10))))),3,1);
((((11,(10,(6,((8,7),(5,9))))),4),3),2,1);
((2,(4,(9,((6,((5,7),8)),(11,10))))),3,1);
(4,(2,((11,((5,6),((7,8),(10,9)))),3)),1);
((((10,((8,7),(6,(5,9)))),(4,11)),3),2,1);
