((4,(11,((6,5),((10,7),(8,9))))),(2,3),1);
(4,(2,((11,((5,6),((7,8),(10,9)))),3)),1);
(((((10,((7,((5,8),6)),9)),11),4),3),2,1);
(((((10,(((8,7),(5,6)),9)),11),4),3),2,1);
((((11,(10,(9,(5,((8,7),6))))),4),3),2,1);
(2,((4,(11,(7,(((5,6),10),(8,9))))),3),1);
(3,(2,(4,(11,((9,((7,8),(5,6))),10)))),1);
(2,((4,(11,(((6,(5,9)),(7,8)),10))),3),1);
((((11,((((9,5),(6,8)),7),10)),4),3),2,1);
((((5,8),(((11,10),(4,9)),6)),(7,3)),2,1);
(2,((4,(11,((9,(6,(5,(7,8)))),10))),3),1);
(2,(3,(4,(11,(10,(8,((5,9),(6,7))))))),1);
(2,(3,(4,(11,((9,(6,((7,8),5))),10)))),1);
((3,(4,((10,(5,((8,7),(9,6)))),11))),2,1);
(2,((4,(11,(((8,(9,(6,7))),5),10))),3),1);
