(2,(3,(4,(11,(9,((5,6),(10,(8,7))))))),1);
((((((9,7),((6,10),5)),(11,8)),4),3),2,1);
(2,((((9,((6,5),(7,8))),(11,10)),4),3),1);
(3,(((10,((5,6),((7,8),9))),2),(4,11)),1);
(2,(((11,(9,((6,5),(10,(7,8))))),4),3),1);
((3,2),(4,(11,(10,(((8,7),(6,5)),9)))),1);
((3,((11,(10,(((9,6),(7,8)),5))),4)),2,1);
(3,((((10,(9,((7,(6,5)),8))),11),4),2),1);
(2,((4,((10,(9,((5,(8,7)),6))),11)),3),1);
(3,(2,(4,(11,(10,((7,8),(9,(5,6))))))),1);
(2,(3,(4,(11,(((((9,8),7),6),5),10)))),1);
((4,(11,(10,(9,((5,6),(7,8)))))),(3,2),1);
(3,(2,(4,(11,(10,(5,((6,8),(9,7))))))),1);
(2,((11,((9,((5,6),(7,8))),10)),(3,4)),1);
((((((8,7),(6,5)),9),(4,(11,10))),3),2,1);
