((4,(11,(10,((5,6),((8,7),9))))),(2,3),1);
((4,(11,(((5,6),10),((8,9),7)))),(2,3),1);
((2,(4,(8,(((((11,10),6),9),5),7)))),3,1);
(2,((4,(11,(10,(5,(8,(9,(6,7))))))),3),1);
((4,(3,((10,((6,5),((9,8),7))),11))),2,1);
(3,(4,(2,(11,((5,6),((7,8),(10,9)))))),1);
((2,(4,(11,((6,(9,(5,(7,8)))),10)))),3,1);
(3,(2,(4,(11,(10,(9,(5,(8,(6,7)))))))),1);
((3,(4,(11,(10,(6,(5,((8,7),9))))))),2,1);
(((((10,((5,6),((8,7),9))),11),4),3),2,1);
((11,(10,(((8,9),7),(5,6)))),(3,(4,2)),1);
(2,((3,(11,(10,(((5,7),(8,6)),9)))),4),1);
((3,(4,(11,(10,(((6,5),(8,7)),9))))),2,1);
((3,(11,((10,(9,(7,((6,5),8)))),4))),2,1);
(3,(4,(2,(11,(10,((7,8),(9,(5,6))))))),1);
