((((11,(10,(9,((8,7),(5,6))))),4),2),3,1);
(2,(3,(4,(11,(9,(10,(6,(7,(8,5)))))))),1);
(2,(3,(4,(11,(9,(10,(5,(6,(8,7)))))))),1);
(2,(3,(4,(6,(((((11,10),9),5),7),8)))),1);
((3,((11,(6,(((7,8),10),(9,5)))),4)),2,1);
(3,(2,(4,(11,((9,(7,(8,(5,6)))),10)))),1);
(((11,(10,((6,((8,7),5)),9))),(4,2)),3,1);
((3,(4,(10,((7,8),((5,(11,9)),6))))),2,1);
(2,((4,(11,(10,((5,6),((7,8),9))))),3),1);
(3,(((10,(6,((9,7),(5,8)))),11),(4,2)),1);
((2,(4,((10,(9,(5,(6,(7,8))))),11))),3,1);
((2,(11,((9,(5,(6,(7,8)))),10))),(3,4),1);
((4,(((9,((7,8),(6,5))),10),(11,3))),2,1);
((4,(11,(10,((5,(6,(8,7))),9)))),(2,3),1);
(3,(2,(4,(11,((7,(8,(9,(5,6)))),10)))),1);
