((((11,(10,((8,7),((6,5),9)))),4),3),2,1);
(((4,(11,(9,((7,8),((5,6),10))))),3),2,1);
((3,((11,(10,(9,((6,5),(7,8))))),4)),2,1);
(((11,(10,((8,7),((5,9),6)))),(4,3)),2,1);
((((11,((((7,8),(6,5)),9),10)),4),3),2,1);
((4,(2,3)),((10,(9,(((7,8),6),5))),11),1);
(2,((4,(11,(10,(9,((5,6),(8,7)))))),3),1);
(2,(((11,(10,(9,((5,8),(7,6))))),4),3),1);
((3,(4,(11,(10,(((6,5),(7,9)),8))))),2,1);
(2,(3,(4,(11,(10,(9,((7,8),(6,5))))))),1);
(2,((4,((10,(9,((5,6),(8,7)))),11)),3),1);
((2,(4,(11,((9,((7,8),(6,5))),10)))),3,1);
((2,(4,(11,(10,((5,6),(9,(7,8))))))),3,1);
((3,(4,(11,(10,(((6,5),(8,7)),9))))),2,1);
(2,((4,((10,9),(((5,(8,7)),6),11))),3),1);
