((3,((11,(10,(((5,6),(8,7)),9))),4)),2,1);
(11,((2,4),(((5,6),((8,7),9)),(3,10))),1);
((11,(10,((6,5),(9,(7,8))))),((2,3),4),1);
(2,((3,((10,(9,((7,8),(6,5)))),11)),4),1);
((3,(11,((10,((6,5),((9,7),8))),4))),2,1);
((4,(11,(10,(9,((6,5),(7,8)))))),(2,3),1);
((3,(4,(10,(((8,7),(9,(5,6))),11)))),2,1);
(2,(3,(4,(11,(10,(((5,6),8),(7,9)))))),1);
((2,(4,(11,((7,((9,(6,5)),8)),10)))),3,1);
((2,(4,(11,(10,((5,6),(8,(9,7))))))),3,1);
((2,(4,(11,(10,((5,6),(9,(7,8))))))),3,1);
((11,(10,(5,(6,(9,(7,8)))))),((2,3),4),1);
((((((6,10),((8,7),9)),5),(4,11)),3),2,1);
(2,((4,(11,((9,((6,5),(7,8))),10))),3),1);
(2,((4,((((8,(10,9)),7),(5,6)),11)),3),1);
