(3,((2,4),(11,((((7,8),(6,5)),9),10))),1);
(3,((2,(11,(10,(9,(7,((6,5),8)))))),4),1);
(2,((4,(11,((7,(8,((6,5),9))),10))),3),1);
((2,((11,(10,(9,(6,(5,(7,8)))))),4)),3,1);
(((4,(11,(10,(8,(((9,5),6),7))))),3),2,1);
(2,(3,(4,(11,((9,((7,8),(5,6))),10)))),1);
((3,(4,(11,(7,((10,9),(8,(6,5))))))),2,1);
(3,(2,(4,(11,(10,(8,(((5,6),7),9)))))),1);
(2,(3,(4,(11,(10,(9,((5,6),(8,7))))))),1);
(((3,4),(11,(10,(((5,6),(8,7)),9)))),2,1);
((2,(4,(11,((9,((5,6),(7,8))),10)))),3,1);
(2,((4,(11,(((9,((6,5),8)),7),10))),3),1);
((2,(11,(10,((5,9),(6,(8,7)))))),(4,3),1);
(2,((4,(((10,9),((5,(8,7)),6)),11)),3),1);
(3,(2,(4,(11,(9,(((5,6),(7,8)),10))))),1);
