(3,(2,(4,(11,(10,(9,((5,6),(8,7))))))),1);
((2,(4,(((10,5),((6,11),(7,9))),8))),3,1);
(2,((4,(11,(((7,8),(9,(5,6))),10))),3),1);
(3,(2,((4,11),(10,(9,((5,6),(8,7)))))),1);
((3,(4,((10,(5,((8,7),(9,6)))),11))),2,1);
(2,(3,(4,(11,(10,(((7,8),(6,5)),9))))),1);
(2,(4,((11,(((5,6),(10,9)),(7,8))),3)),1);
(((4,(11,(10,(9,((8,7),(5,6)))))),2),3,1);
(((11,(10,((8,7),((9,6),5)))),4),(2,3),1);
((2,(4,(11,(10,((5,6),(9,(7,8))))))),3,1);
((2,((10,((((8,7),(5,6)),9),11)),4)),3,1);
((((11,((((7,6),(8,5)),9),10)),4),3),2,1);
(((((7,10),(8,((6,5),9))),11),(4,3)),2,1);
(2,(((3,(((5,6),(7,8)),(10,9))),4),11),1);
((11,(4,(10,(((5,6),(8,7)),9)))),(2,3),1);
