((2,((11,(10,(9,(6,(5,(7,8)))))),4)),3,1);
(((11,(10,(9,(6,(5,(7,8)))))),4),(3,2),1);
((2,(3,(11,(10,(6,((8,7),(5,9))))))),4,1);
(3,((4,(11,(10,((5,6),((8,7),9))))),2),1);
(((((((6,10),(11,8)),5),7),9),(3,4)),2,1);
((3,(4,(11,(10,((6,(5,(8,7))),9))))),2,1);
(3,(2,(4,(11,(10,(9,((5,6),(8,7))))))),1);
(2,((4,(11,(10,(8,((6,7),(9,5)))))),3),1);
(2,(4,((11,((5,6),((7,8),(10,9)))),3)),1);
((2,4),(((10,9),(((5,6),(8,7)),11)),3),1);
(4,((11,(10,(((5,6),9),(8,7)))),(2,3)),1);
(((((2,4),(6,((5,7),10))),9),3),(8,11),1);
(2,(3,(4,(11,(10,(9,(8,((6,5),7))))))),1);
((2,(4,(11,(10,(((5,6),9),(7,8)))))),3,1);
(((((10,((8,7),((5,6),9))),11),4),2),3,1);
