((2,3),(4,(11,(10,((8,7),((6,5),9))))),1);
((3,(4,((10,((8,7),(9,(5,6)))),11))),2,1);
(2,(3,(4,(11,(10,(9,((5,6),(7,8))))))),1);
(2,(3,(4,(11,(10,(6,(((7,9),8),5)))))),1);
(2,((4,(11,(10,(9,(5,(6,(7,8))))))),3),1);
((((10,(6,((8,7),(5,9)))),(4,11)),3),2,1);
(((11,(9,(10,(5,(6,(7,8)))))),(3,2)),4,1);
((((11,(10,((8,7),((6,5),9)))),4),3),2,1);
(2,(((11,((9,(((6,8),7),5)),10)),4),3),1);
((2,(4,(11,(10,((5,6),(9,(7,8))))))),3,1);
(2,(((11,(10,(9,((5,6),(8,7))))),4),3),1);
((((11,((((7,8),(6,5)),9),10)),4),3),2,1);
(((((11,10),(8,(6,(7,5)))),9),3),(4,2),1);
(2,(((11,(10,(((6,5),(7,8)),9))),4),3),1);
((4,(11,(10,(6,(5,(9,(7,8))))))),(2,3),1);
