((((11,(10,((8,7),((6,5),9)))),4),2),3,1);
((4,(11,(10,(((5,6),(8,7)),9)))),(2,3),1);
((3,(4,(11,(10,((7,9),((6,5),8)))))),2,1);
((2,(4,(((9,((6,7),8)),5),(11,10)))),3,1);
((3,(4,((10,((5,(9,6)),(8,7))),11))),2,1);
(2,((11,(10,(9,((8,7),(5,6))))),(4,3)),1);
((4,3),(2,(11,(9,((7,8),(10,(6,5)))))),1);
((4,(10,(11,(9,(6,((7,8),5)))))),(3,2),1);
((4,(11,(10,(9,((5,6),(7,8)))))),(3,2),1);
(2,(3,(4,(11,(((((7,8),6),9),5),10)))),1);
(2,(3,(4,(11,(10,(9,(6,((8,7),5))))))),1);
(2,((((9,(6,(7,(5,8)))),(11,10)),4),3),1);
((4,(11,(10,(((8,5),6),(7,9))))),(2,3),1);
(2,(3,(4,(11,((9,((7,8),(5,6))),10)))),1);
((2,((11,(10,(9,((7,8),(6,5))))),4)),3,1);
