((4,(11,(((7,8),(6,5)),(10,9)))),(2,3),1);
(4,((11,(6,((10,(9,(7,8))),5))),(2,3)),1);
((3,(4,(11,(10,(8,(9,(7,(5,6)))))))),2,1);
(3,(2,(4,(11,(((5,6),(9,(7,8))),10)))),1);
(((11,(10,((7,(6,(8,5))),9))),(4,3)),2,1);
((((11,(10,((8,(7,(6,5))),9))),4),3),2,1);
(((11,(10,(9,((6,5),(7,8))))),4),(3,2),1);
((((11,(10,(((8,7),(6,5)),9))),4),3),2,1);
((11,3),((4,(2,(7,(5,(6,(9,8)))))),10),1);
(3,(2,(4,(11,(((7,9),(8,(5,6))),10)))),1);
(((((10,11),(((8,7),9),(5,6))),4),3),2,1);
(2,((4,(11,(((5,6),(7,8)),(10,9)))),3),1);
(((11,2),((10,((8,7),((5,6),9))),4)),3,1);
(((4,3),((10,(9,((8,7),(5,6)))),11)),2,1);
(2,(3,(4,((9,(10,((5,6),(8,7)))),11))),1);
