(2,(3,(4,(11,((9,((10,8),(6,7))),5)))),1);
(((2,(11,((9,((7,8),(5,6))),10))),3),4,1);
(2,(3,(4,(11,(10,(8,(((9,5),6),7)))))),1);
(3,((4,((10,(5,((8,7),(9,6)))),11)),2),1);
(((((((8,7),(5,6)),9),(4,10)),11),3),2,1);
(((11,(4,(10,(((8,7),(5,6)),9)))),3),2,1);
(2,(11,(((3,10),4),((9,7),((6,5),8)))),1);
((10,(((((8,7),((5,9),6)),4),3),11)),2,1);
((2,((11,((10,7),((9,(6,5)),8))),4)),3,1);
((11,((9,(7,8)),((6,5),10))),((2,3),4),1);
(2,((4,(11,(10,((5,6),((7,8),9))))),3),1);
((10,(9,((6,5),(7,8)))),((11,3),(2,4)),1);
((2,((11,(10,(9,(6,((7,5),8))))),4)),3,1);
((2,3),(4,((10,(9,((8,7),(5,6)))),11)),1);
(3,(((((10,9),((7,8),(6,5))),11),4),2),1);
