(2,((4,(11,((6,(5,((7,8),9))),10))),3),1);
(2,((11,(9,((8,((5,6),7)),10))),(3,4)),1);
((2,(4,(11,(10,((5,6),(9,(7,8))))))),3,1);
(((10,(9,(((5,6),8),7))),(4,11)),(2,3),1);
((((11,(10,(5,((8,7),(6,9))))),4),3),2,1);
(((10,(9,(11,(8,(5,(7,6)))))),(4,3)),2,1);
((4,(10,(11,((7,((5,6),8)),9)))),(3,2),1);
((2,(3,(11,(10,(8,(7,(6,(5,9)))))))),4,1);
((2,(4,(11,((9,(6,((5,8),7))),10)))),3,1);
(4,((11,((((7,(5,10)),9),8),6)),(3,2)),1);
(((11,4),(10,(((5,6),(8,7)),9))),(2,3),1);
(((9,((11,5),((7,(4,8)),(6,10)))),3),2,1);
(3,(2,(4,((10,(9,(6,((7,5),8)))),11))),1);
((((11,5),((((8,4),(6,10)),9),7)),3),2,1);
((((10,(((6,8),(7,5)),9)),(4,11)),3),2,1);
