(((11,(10,((8,(7,(6,5))),9))),(4,3)),2,1);
((4,(11,((((6,9),(7,8)),5),10))),(3,2),1);
(2,(3,(4,(11,(9,((7,8),((5,6),10)))))),1);
((4,(11,(9,((10,(7,8)),(5,6))))),(3,2),1);
((2,4),(((6,((7,8),5)),(10,9)),(3,11)),1);
((3,(4,(11,(10,((6,(5,(8,7))),9))))),2,1);
((((10,((7,((5,8),6)),9)),11),3),(2,4),1);
((2,(4,(11,(10,(6,((5,9),(7,8))))))),3,1);
(2,((4,((10,(((5,(8,7)),6),9)),11)),3),1);
((((11,(10,((6,5),((8,7),9)))),4),3),2,1);
(2,((4,(11,(10,((5,6),(9,(8,7)))))),3),1);
((3,(11,(4,(10,((5,6),((8,7),9)))))),2,1);
(2,((4,((((5,((7,8),6)),9),10),11)),3),1);
((4,(11,(10,(9,(7,((5,6),8)))))),(3,2),1);
((11,(10,(9,((5,6),(7,8))))),((3,2),4),1);
