(0.058823529411764705, 0.058823529411764705, 0.058823529411764705)
(0.058823529411764705, 0.058823529411764705, 0.058823529411764705)
(0.058823529411764705, 0.058823529411764705, 0.058823529411764705)
(0.08823529411764706, 0.08823529411764706, 0.08823529411764706)
(0.08823529411764706, 0.08823529411764706, 0.08823529411764706)
(0.029411764705882353, 0.029411764705882353, 0.029411764705882353)
(0.058823529411764705, 0.058823529411764705, 0.058823529411764705)
(0.058823529411764705, 0.058823529411764705, 0.058823529411764705)
(0.058823529411764705, 0.058823529411764705, 0.058823529411764705)
(0.08823529411764706, 0.08823529411764706, 0.08823529411764706)
(0.029411764705882353, 0.029411764705882353, 0.029411764705882353)
(0.058823529411764705, 0.058823529411764705, 0.058823529411764705)
(0.08823529411764706, 0.08823529411764706, 0.08823529411764706)
(0.08823529411764706, 0.08823529411764706, 0.08823529411764706)
(0.058823529411764705, 0.058823529411764705, 0.058823529411764705)
(0.11764705882352941, 0.11764705882352941, 0.11764705882352941)
(0.08823529411764706, 0.08823529411764706, 0.08823529411764706)
(0.058823529411764705, 0.058823529411764705, 0.058823529411764705)
(0.058823529411764705, 0.058823529411764705, 0.058823529411764705)
(0.058823529411764705, 0.058823529411764705, 0.058823529411764705)


total number of valid numbers:	 20
average missing branch rate:	 0.0676470588235294
standard error: 0.00469668218313862