(0.08823529411764706, 0.08823529411764706, 0.08823529411764706)
(0.0, 0.0, 0.0)
(0.058823529411764705, 0.058823529411764705, 0.058823529411764705)
(0.029411764705882353, 0.029411764705882353, 0.029411764705882353)
(0.058823529411764705, 0.058823529411764705, 0.058823529411764705)
(0.058823529411764705, 0.058823529411764705, 0.058823529411764705)
(0.08823529411764706, 0.08823529411764706, 0.08823529411764706)
(0.08823529411764706, 0.08823529411764706, 0.08823529411764706)
(0.08823529411764706, 0.08823529411764706, 0.08823529411764706)
(0.08823529411764706, 0.08823529411764706, 0.08823529411764706)
(0.029411764705882353, 0.029411764705882353, 0.029411764705882353)
(0.029411764705882353, 0.029411764705882353, 0.029411764705882353)
(0.11764705882352941, 0.11764705882352941, 0.11764705882352941)
(0.08823529411764706, 0.08823529411764706, 0.08823529411764706)
(0.14705882352941177, 0.14705882352941177, 0.14705882352941177)
(0.058823529411764705, 0.058823529411764705, 0.058823529411764705)
(0.058823529411764705, 0.058823529411764705, 0.058823529411764705)
(0.029411764705882353, 0.029411764705882353, 0.029411764705882353)
(0.0, 0.0, 0.0)
(0.058823529411764705, 0.058823529411764705, 0.058823529411764705)


total number of valid numbers:	 20
average missing branch rate:	 0.0632352941176471
standard error: 0.00812824329731499