((((11,((((7,8),(6,5)),9),10)),4),3),2,1);
(3,((2,4),(11,((((7,8),(6,5)),9),10))),1);
(2,((4,(11,(10,((5,6),((7,8),9))))),3),1);
(3,((2,(11,(10,(9,(7,((6,5),8)))))),4),1);
(2,(3,(4,(11,(10,(9,((5,6),(8,7))))))),1);
(2,(3,(4,(11,(10,(9,((7,8),(6,5))))))),1);
(2,((4,((((((5,8),7),6),11),10),9)),3),1);
((3,(4,(11,(10,(9,(6,(5,(7,8)))))))),2,1);
(((4,(11,(10,(9,((6,8),(5,7)))))),3),2,1);
((((11,(10,((8,7),(5,(6,9))))),4),3),2,1);
((2,(4,((5,(((6,9),8),7)),(11,10)))),3,1);
((((11,(10,((8,7),((6,5),9)))),4),3),2,1);
((4,(11,(10,(9,(5,(6,(7,8))))))),(3,2),1);
(((((6,5),((9,10),(11,(7,8)))),4),3),2,1);
((3,(4,(11,(10,(9,((5,6),(8,7))))))),2,1);
((3,((10,(11,(9,(7,((6,5),8))))),4)),2,1);
(3,(2,(4,(11,((9,(7,(5,(6,8)))),10)))),1);
((3,(4,((10,(8,((7,9),(5,6)))),11))),2,1);
((((11,(10,(6,((8,7),(5,9))))),4),3),2,1);
((((11,(10,(((8,7),(6,5)),9))),4),3),2,1);
((11,(8,(10,(7,((6,5),9))))),((4,3),2),1);
((2,3),(4,(11,(10,((6,(7,(9,8))),5)))),1);
((2,((11,(10,(9,(6,(5,(7,8)))))),4)),3,1);
((4,(11,(10,(((8,7),(5,6)),9)))),(2,3),1);
((4,(11,((9,((7,8),(6,5))),10))),(2,3),1);
