(2,((4,(11,(10,(9,((7,8),(5,6)))))),3),1);
((3,(4,(11,((10,9),((8,7),(6,5)))))),2,1);
(((11,(10,(7,((8,9),(5,6))))),3),(4,2),1);
(3,(((10,(6,((9,7),(5,8)))),11),(4,2)),1);
(3,(2,(4,(11,((7,(8,(9,(5,6)))),10)))),1);
((2,4),((11,(10,(9,(((8,6),5),7)))),3),1);
(3,((11,(10,(7,((9,8),(5,6))))),(4,2)),1);
(2,(4,((10,(((5,6),9),(7,8))),(3,11))),1);
(((11,(10,((8,((6,5),9)),7))),(3,2)),4,1);
(2,(3,((10,(9,(5,((8,7),6)))),(4,11))),1);
(3,((11,(4,(10,(9,((6,5),(7,8)))))),2),1);
((2,(11,(9,(((7,8),(5,6)),10)))),(3,4),1);
((4,(11,(10,(((5,6),(8,7)),9)))),(2,3),1);
(((((10,((8,7),((5,6),9))),11),4),3),2,1);
(2,(3,(4,(11,(9,(10,(6,(7,(8,5)))))))),1);
((4,(11,(10,(7,((6,5),(9,8)))))),(2,3),1);
(((11,(((((7,8),(6,5)),9),10),4)),3),2,1);
((3,((11,(((6,5),(8,7)),9)),(4,10))),2,1);
((((11,(10,(8,((6,7),(5,9))))),4),3),2,1);
((4,(11,((((6,5),10),(7,8)),9))),(2,3),1);
(3,(2,(4,((10,((6,(8,(5,9))),7)),11))),1);
(3,(2,(4,(11,((9,(7,(8,(5,6)))),10)))),1);
((((11,((((7,8),(5,6)),9),10)),4),3),2,1);
((((11,(10,(6,((8,7),(5,9))))),4),3),2,1);
(7,((2,(((5,6),10),(4,11))),((9,8),3)),1);
