(2,(((11,(((9,(5,6)),(7,8)),10)),3),4),1);
((2,(4,(11,((9,((6,5),(7,8))),10)))),3,1);
((((11,(((7,(8,(6,5))),9),10)),4),3),2,1);
(2,(3,((10,(9,((8,7),(5,6)))),(4,11))),1);
((3,(11,(4,((8,7),(((5,6),9),10))))),2,1);
((4,((11,((((6,9),(7,8)),5),10)),2)),3,1);
(((((10,11),(((7,9),8),(6,5))),4),3),2,1);
((2,(4,(11,(10,(5,(6,(9,(7,8)))))))),3,1);
(2,((4,(11,(10,(((5,6),(7,8)),9)))),3),1);
((3,((11,(10,(((5,6),(9,8)),7))),4)),2,1);
(2,((4,(11,((6,(7,(5,8))),(10,9)))),3),1);
((2,(4,(11,(10,((5,6),(9,(7,8))))))),3,1);
((2,((10,(5,((9,8),(7,6)))),(11,4))),3,1);
((10,(9,(8,((5,6),7)))),((3,11),(4,2)),1);
(2,(3,(4,(11,(10,(9,((6,5),(8,7))))))),1);
((2,((11,(10,(9,((7,(5,8)),6)))),4)),3,1);
(3,(2,(11,(4,((7,(9,(8,(5,6)))),10)))),1);
((11,((5,(9,(6,(7,8)))),10)),((2,3),4),1);
((((10,(9,((5,7),(6,8)))),(4,11)),2),3,1);
((3,(4,(11,(10,((6,5),((8,7),9)))))),2,1);
(2,((4,((10,(((5,(8,7)),6),9)),11)),3),1);
((2,((11,(10,(9,(6,(5,(7,8)))))),4)),3,1);
(2,(((11,(10,(9,((7,8),(6,5))))),4),3),1);
((4,(11,(10,(9,(5,(6,(7,8))))))),(3,2),1);
(((4,2),3),(11,((7,8),(10,((5,6),9)))),1);
