((2,3),(((10,((6,((8,7),5)),9)),11),4),1);
((3,((((10,9),((6,5),(8,7))),11),4)),2,1);
(3,((((10,(9,((7,(6,5)),8))),11),4),2),1);
(3,(2,(((10,((8,7),((5,6),9))),11),4)),1);
(3,((2,4),((((9,(5,6)),7),8),(11,10))),1);
((4,(11,(10,(7,((6,5),(9,8)))))),(2,3),1);
(((11,10),(((8,(6,5)),(7,9)),(4,3))),2,1);
(2,((4,(11,(10,(((5,6),(7,8)),9)))),3),1);
((4,(11,(10,(9,((5,6),(7,8)))))),(3,2),1);
((4,3),(((10,(9,(((7,6),5),8))),11),2),1);
(3,((((((10,9),((7,6),5)),8),11),4),2),1);
(((((10,11),((((7,5),6),8),9)),4),3),2,1);
((((11,(10,(6,((8,7),(5,9))))),4),3),2,1);
(3,(2,(((10,(((5,6),(8,7)),9)),11),4)),1);
(2,(3,(4,(11,(10,(9,((7,8),(6,5))))))),1);
(3,(2,((11,((((7,8),(6,5)),9),10)),4)),1);
(4,(2,((11,(10,(((8,9),7),(5,6)))),3)),1);
((3,(4,(11,(10,((6,5),(9,(7,8))))))),2,1);
((4,(11,(10,(((9,7),(6,5)),8)))),(2,3),1);
(((((10,((8,7),((5,9),6))),11),4),3),2,1);
(2,(3,(4,(11,(10,(9,(8,((5,6),7))))))),1);
((4,(10,(11,((8,7),((6,5),9))))),(2,3),1);
(((11,(10,(9,((8,7),(5,6))))),(4,3)),2,1);
((3,4),(2,(11,((10,((5,6),(7,8))),9))),1);
(((11,(10,(9,((7,6),(8,5))))),(4,2)),3,1);
