((2,3),((11,(10,((8,7),((6,5),9)))),4),1);
(2,(4,(3,(11,(6,((8,5),(9,(7,10))))))),1);
(11,((3,2),((10,(5,(9,((8,7),6)))),4)),1);
((4,(10,(11,(9,((5,6),(7,8)))))),(3,2),1);
(2,((4,(11,(10,((5,6),(9,(7,8)))))),3),1);
(4,(((9,(10,((6,5),(7,8)))),3),(11,2)),1);
(2,((4,((10,(((7,9),8),(5,6))),11)),3),1);
(4,((3,2),(((10,7),((5,9),(8,6))),11)),1);
((((11,(10,((7,5),(8,(6,9))))),4),2),3,1);
((((11,((((7,6),(8,5)),10),9)),4),3),2,1);
(3,(2,(4,(11,(10,(5,(9,(6,(8,7)))))))),1);
((11,(3,(4,((((7,8),(6,5)),9),10)))),2,1);
((3,((11,(10,(9,(7,((6,5),8))))),4)),2,1);
((3,(4,(11,(10,((7,(5,6)),(8,9)))))),2,1);
((4,(11,(10,((5,6),(9,(7,8)))))),(3,2),1);
((3,(2,(11,((10,7),((5,8),(6,9)))))),4,1);
((((11,(((9,(5,(7,8))),6),10)),3),2),4,1);
((4,((5,(6,((8,7),9))),(10,11))),(2,3),1);
((((11,(10,(9,((8,7),(5,6))))),4),3),2,1);
(2,((4,(11,(10,((5,((7,8),9)),6)))),3),1);
((((11,(10,((8,(7,(6,5))),9))),4),3),2,1);
((((11,(10,(7,(8,((6,5),9))))),4),3),2,1);
(3,(2,(4,(11,(5,(((9,10),6),(8,7)))))),1);
(((2,4),(11,(9,(5,((6,10),(7,8)))))),3,1);
(2,((4,(11,((5,6),(9,((7,8),10))))),3),1);
