((3,(11,(4,(9,(10,(7,((5,6),8))))))),2,1);
(((11,(10,((5,6),((7,8),9)))),3),(4,2),1);
(3,((4,(11,(10,(((6,5),(8,7)),9)))),2),1);
((((11,(10,((8,7),((6,5),9)))),4),3),2,1);
(2,((4,(11,(10,((5,6),((7,8),9))))),3),1);
((3,((4,11),(10,(8,((7,(5,9)),6))))),2,1);
((((11,(10,((9,(5,6)),(8,7)))),4),3),2,1);
((3,(4,(11,((6,5),((7,9),(8,10)))))),2,1);
(3,(2,(4,(11,(9,((10,(8,(6,7))),5))))),1);
((10,(11,(9,(5,(6,(7,8)))))),((3,2),4),1);
((4,(11,(10,(9,((5,6),(7,8)))))),(3,2),1);
((4,(11,(10,((6,5),((8,7),9))))),(2,3),1);
((((11,(((10,(9,(5,6))),7),8)),4),2),3,1);
(4,(((10,(9,((5,6),(8,7)))),11),(2,3)),1);
((((11,(10,(9,(8,(7,(5,6)))))),4),2),3,1);
(2,((4,(11,(10,((5,(6,(7,8))),9)))),3),1);
(2,((4,(10,((9,((6,5),(7,8))),11))),3),1);
(4,(2,((11,(10,(7,((5,6),(8,9))))),3)),1);
(((4,(11,(9,(((7,5),(6,8)),10)))),3),2,1);
(((((10,11),(((5,7),(6,8)),9)),4),3),2,1);
(9,(((6,5),(7,8)),(((2,11),(10,4)),3)),1);
(3,(2,(4,(10,(11,(9,(7,(5,(6,8)))))))),1);
((((11,((5,((10,9),6)),(8,7))),4),2),3,1);
((3,(4,(10,(9,((6,11),((5,7),8)))))),2,1);
((2,(4,(11,((9,(7,(5,(6,8)))),10)))),3,1);
