(2,((3,4),(11,(10,(9,(8,((6,5),7)))))),1);
((((11,((((7,8),(6,5)),9),10)),4),2),3,1);
(2,((4,(11,(((5,6),(7,8)),(10,9)))),3),1);
((2,(4,(11,(10,((5,6),(9,(7,8))))))),3,1);
((4,((11,10),(9,((7,8),(6,5))))),(2,3),1);
(2,((4,(10,((6,9),((5,11),(8,7))))),3),1);
(2,((4,(10,((9,((5,6),(8,7))),11))),3),1);
(2,(3,(4,(11,(10,(9,((7,8),(6,5))))))),1);
((4,(11,((6,5),((7,10),(9,8))))),(2,3),1);
(4,(2,((11,(10,((5,6),((7,8),9)))),3)),1);
((10,(((5,6),9),(7,8))),((11,3),(2,4)),1);
((((((6,((10,(8,7)),5)),9),11),4),3),2,1);
(11,((2,3),((((6,10),(5,9)),(7,8)),4)),1);
((3,(4,((10,((8,7),(9,(5,6)))),11))),2,1);
(5,((((9,4),(10,11)),((2,8),(6,7))),3),1);
((4,2),(3,(11,(10,(((8,7),(6,5)),9)))),1);
(3,(2,(11,(4,(((7,9),(8,(6,10))),5)))),1);
((((11,(10,(((8,7),(6,5)),9))),4),3),2,1);
(2,(3,(4,(11,(((7,10),8),(9,(6,5)))))),1);
(((((10,(((5,8),(6,7)),9)),11),4),3),2,1);
(2,(3,(4,((9,(10,((5,6),(8,7)))),11))),1);
(3,(2,(4,(11,(((5,6),(9,(7,8))),10)))),1);
(((((10,((8,7),((5,6),9))),11),4),3),2,1);
((((9,(5,((8,7),6))),((4,10),11)),3),2,1);
(((4,2),3),((11,10),((8,(7,(5,6))),9)),1);
