((3,(4,(11,(10,(9,(7,((6,5),8))))))),2,1);
(2,(3,(4,(11,(10,((6,5),(9,(7,8))))))),1);
((4,((((8,7),10),((5,6),9)),11)),(2,3),1);
(2,(11,(((3,10),4),((9,7),((6,5),8)))),1);
((((11,((((7,8),(6,5)),9),10)),4),3),2,1);
(2,((4,(((5,6),(9,(7,8))),(11,10))),3),1);
(2,((4,(11,(10,((5,6),(9,(7,8)))))),3),1);
(((((9,(5,((8,7),6))),(4,10)),11),2),3,1);
((4,(11,(10,(9,((5,6),(7,8)))))),(3,2),1);
((3,(4,(11,(10,((6,5),((8,7),9)))))),2,1);
(2,(3,(4,(11,(10,(8,(((9,5),6),7)))))),1);
(3,(2,(4,(11,((((8,5),7),(6,9)),10)))),1);
(3,((4,(10,(((8,7),(9,(5,6))),11))),2),1);
(3,(2,(4,(11,(9,((7,8),((5,6),10)))))),1);
(((5,((((11,10),(8,9)),4),7)),(6,2)),3,1);
(((10,(11,(((7,9),(5,8)),6))),(3,2)),4,1);
(((11,(10,(((6,9),7),(5,8)))),(4,3)),2,1);
((2,(4,(11,(9,((6,5),((7,8),10)))))),3,1);
((4,(11,(10,((6,5),(9,(7,8)))))),(2,3),1);
(((((10,(7,(((5,6),9),8))),11),4),3),2,1);
((2,3),(4,(11,(10,(9,((7,8),(6,5)))))),1);
(2,((11,((5,(6,(9,(7,8)))),10)),(3,4)),1);
((3,((10,((8,7),(9,(5,6)))),11)),(2,4),1);
(2,(3,(4,(11,(10,((7,8),(5,(6,9))))))),1);
(2,((4,((9,((5,6),(7,8))),(11,10))),3),1);
