((((11,((((7,8),(6,5)),9),10)),4),3),2,1);
((((11,(10,(((9,8),7),(5,6)))),4),2),3,1);
((2,(11,(10,(5,((9,(7,8)),6))))),(3,4),1);
(4,((3,2),(((10,(8,7)),((5,6),11)),9)),1);
((4,(11,(10,(9,(7,((5,6),8)))))),(3,2),1);
((2,(4,(11,(10,(6,((5,9),(7,8))))))),3,1);
((((11,(10,((8,(7,(6,5))),9))),4),3),2,1);
((((11,(10,((8,(7,(6,5))),9))),4),3),2,1);
(2,((4,((10,(9,((5,6),(8,7)))),11)),3),1);
(2,(((11,4),(10,(9,((6,(5,8)),7)))),3),1);
(2,((4,(11,(10,(6,((9,8),(5,7)))))),3),1);
((2,((11,(9,((6,5),(10,(7,8))))),4)),3,1);
((2,(11,(7,(8,((5,6),(10,9)))))),(3,4),1);
((3,(4,(11,(10,((6,(5,(8,7))),9))))),2,1);
((4,(11,(10,((6,5),(9,(7,8)))))),(2,3),1);
((4,(11,(10,(9,((5,6),(7,8)))))),(3,2),1);
(2,(3,(4,(11,((5,(6,(7,9))),(10,8))))),1);
((2,(9,((10,(7,8)),(6,5)))),(4,(3,11)),1);
((2,(4,((9,((5,6),(7,8))),(11,10)))),3,1);
((((11,((((7,8),(6,5)),9),10)),4),3),2,1);
(((((10,(((8,7),(5,6)),9)),11),4),3),2,1);
(2,((4,(11,((9,((7,8),(5,6))),10))),3),1);
(2,(((11,(10,(9,((6,5),(7,8))))),4),3),1);
((((11,(10,((6,5),((8,7),9)))),4),3),2,1);
((2,((11,10),(3,4))),((7,8),(9,(5,6))),1);
