(0.058823529411764705, 0.058823529411764705, 0.058823529411764705)
(0.058823529411764705, 0.058823529411764705, 0.058823529411764705)
(0.058823529411764705, 0.058823529411764705, 0.058823529411764705)
(0.0, 0.0, 0.0)
(0.11764705882352941, 0.11764705882352941, 0.11764705882352941)
(0.08823529411764706, 0.08823529411764706, 0.08823529411764706)
(0.17647058823529413, 0.17647058823529413, 0.17647058823529413)
(0.029411764705882353, 0.029411764705882353, 0.029411764705882353)
(0.0, 0.0, 0.0)
(0.08823529411764706, 0.08823529411764706, 0.08823529411764706)
(0.058823529411764705, 0.058823529411764705, 0.058823529411764705)
(0.08823529411764706, 0.08823529411764706, 0.08823529411764706)
(0.11764705882352941, 0.11764705882352941, 0.11764705882352941)
(0.08823529411764706, 0.08823529411764706, 0.08823529411764706)
(0.08823529411764706, 0.08823529411764706, 0.08823529411764706)
(0.029411764705882353, 0.029411764705882353, 0.029411764705882353)
(0.08823529411764706, 0.08823529411764706, 0.08823529411764706)
(0.08823529411764706, 0.08823529411764706, 0.08823529411764706)
(0.058823529411764705, 0.058823529411764705, 0.058823529411764705)
(0.11764705882352941, 0.11764705882352941, 0.11764705882352941)


total number of valid numbers:	 20
average missing branch rate:	 0.075
standard error: 0.00917793163331172