(0.0, 0.0, 0.0)
(0.0, 0.0, 0.0)
(0.058823529411764705, 0.058823529411764705, 0.058823529411764705)
(0.0, 0.0, 0.0)
(0.029411764705882353, 0.029411764705882353, 0.029411764705882353)
(0.029411764705882353, 0.029411764705882353, 0.029411764705882353)
(0.0, 0.0, 0.0)
(0.0, 0.0, 0.0)
(0.029411764705882353, 0.029411764705882353, 0.029411764705882353)
(0.029411764705882353, 0.029411764705882353, 0.029411764705882353)
(0.0, 0.0, 0.0)
(0.029411764705882353, 0.029411764705882353, 0.029411764705882353)
(0.0, 0.0, 0.0)
(0.0, 0.0, 0.0)
(0.029411764705882353, 0.029411764705882353, 0.029411764705882353)
(0.0, 0.0, 0.0)
(0.029411764705882353, 0.029411764705882353, 0.029411764705882353)
(0.0, 0.0, 0.0)
(0.0, 0.0, 0.0)
(0.029411764705882353, 0.029411764705882353, 0.029411764705882353)


total number of valid numbers:	 20
average missing branch rate:	 0.0147058823529412
standard error: 0.00389081075156557